t(s) 	 theta(deg.) 	 omega (rds/s) 
0	180.994291552	-0.00996312134478
0.01	180.982842073	-0.0199831108255
0.02	180.965586211	-0.0301171608731
0.03	180.942425472	-0.040423114343
0.04	180.913227661	-0.0509597943208
0.05	180.877826123	-0.0617873394686
0.06	180.836018798	-0.072967546802
0.07	180.787567067	-0.0845642238278
0.08	180.732194391	-0.0966435520202
0.09	180.669584735	-0.109274463671
0.1	180.59938077	-0.122529034213
0.11	180.521181833	-0.136482892203
0.12	180.434541648	-0.151215649221
0.13	180.338965783	-0.16681135205
0.14	180.233908838	-0.183358959596
0.15	180.118771338	-0.200952847135
0.16	179.992896326	-0.219693340564
0.17	179.855565628	-0.239687283482
0.18	179.705995775	-0.26104864006
0.19	179.543333552	-0.283899136753
0.2	179.36665116	-0.308368946084
0.21	179.174940963	-0.334597415828
0.22	178.967109777	-0.362733847026
0.23	178.741972701	-0.392938324398
0.24	178.498246423	-0.425382602753
0.25	178.234541995	-0.460251053053
0.26	177.949357024	-0.497741671757
0.27	177.641067252	-0.538067157012
0.28	177.307917473	-0.581456055037
0.29	176.948011753	-0.628153979784
0.3	176.559302914	-0.678424908494
0.31	176.139581217	-0.732552555078
0.32	175.68646223	-0.790841822371
0.33	175.197373806	-0.853620333007
0.34	174.669542146	-0.921240036998
0.35	174.099976896	-0.99407889187
0.36	173.485455248	-1.0725426083
0.37	172.822505005	-1.15706645047
0.38	172.107386598	-1.2481170754
0.39	171.336074029	-1.34619438966
0.4	170.504234768	-1.45183339369
0.41	169.607208621	-1.56560597438
0.42	168.639985622	-1.68812259418
0.43	167.597183063	-1.82003380947
0.44	166.473021803	-1.96203153196
0.45	165.261302054	-2.1148499232
0.46	163.955378956	-2.27926578324
0.47	162.548138313	-2.45609825913
0.48	161.031973009	-2.64620765637
0.49	159.398760776	-2.85049308477
0.5	157.639844167	-3.0698886097
0.51	155.746013817	-3.30535750823
0.52	153.70749636	-3.55788414785
0.53	151.513948691	-3.82846291284
0.54	149.154460647	-4.11808350243
0.55	146.617568646	-4.42771181813
0.56	143.891283306	-4.7582655528
0.57	140.963134652	-5.11058350033
0.58	137.820239102	-5.4853875391
0.59	134.449393045	-5.88323622778
0.6	130.837198375	-6.30446902051
0.61	126.970225828	-6.74914030306
0.62	122.835222179	-7.21694282555
0.63	118.419367282	-7.70712072497
0.64	113.71058626	-8.21837325933
0.65	108.697920787	-8.74875167948
0.66	103.371961015	-9.29555338656
0.67	97.7253360898	-9.85521965624
0.68	91.753256233	-10.4232456694
0.69	85.4540928232	-10.9941141621
0.7	78.829975159	-11.561266328
0.71	71.8873738633	-12.1171251262
0.72	64.6376322131	-12.6531861715
0.73	57.0973992564	-13.1601891462
0.74	49.2889141176	-13.6283775266
0.75	41.2400911956	-14.0478460898
0.76	32.9843626558	-14.4089645171
0.77	24.5602485956	-14.7028526914
0.78	16.0106462249	-14.9218711104
0.79	7.38185547754	-15.0600809007
0.8	-1.27761371258	-15.1136248843
0.81	-9.91838206862	-15.0809857715
0.82	-18.4916011219	-14.9630899975
0.83	-26.9503169504	-14.7632441697
0.84	-35.2507061811	-14.4869121273
0.85	-43.3531086588	-14.1413600557
0.86	-51.2228050056	-13.7352112383
0.87	-58.8305148971	-13.2779586144
0.88	-66.1526187412	-12.7794820252
0.89	-73.1711278802	-12.2496093056
0.9	-79.8734442013	-11.6977487314
0.91	-86.2519584596	-11.1326075193
0.92	-92.3035383469	-10.5619993981
0.93	-98.0289538684	-9.9927351896
0.94	-103.432280728	-9.43058442553
0.95	-108.5203139	-8.88029313065
0.96	-113.302014795	-8.34564244697
0.97	-117.788007332	-7.82953399801
0.98	-121.99013141	-7.33409007513
0.99	-125.921056921	-6.8607592803
1.0	-129.593957471	-6.41042077048
1.01	-133.022240396	-5.98348247345
1.02	-136.219327973	-5.57997046962
1.03	-139.198483988	-5.19960813754
1.04	-141.972679555	-4.84188467541
1.05	-144.554492295	-4.50611329789
1.06	-146.956033339	-4.19147983439
1.07	-149.188897244	-3.89708268796
1.08	-151.264130444	-3.62196520877
1.09	-153.19221452	-3.36514153822
1.1	-154.983061101	-3.12561692414
1.11	-156.646015765	-2.90240341885
1.12	-158.189868746	-2.69453176866
1.13	-159.622870681	-2.50106019624
1.14	-160.952751947	-2.32108067476
1.15	-162.186744442	-2.15372319752
1.16	-163.331604909	-1.99815846265
1.17	-164.393639087	-1.85359931817
1.18	-165.37872614	-1.71930124983
1.19	-166.292342948	-1.59456214022
1.2	-167.139587949	-1.47872148324
1.21	-167.925204301	-1.37115920081
1.22	-168.653602211	-1.27129417816
1.23	-169.328880304	-1.17858260941
1.24	-169.954845991	-1.09251622485
1.25	-170.535034775	-1.01262045512
1.26	-171.072728493	-0.938452574509
1.27	-171.570972508	-0.86959985508
1.28	-172.032591858	-0.805677755193
1.29	-172.460206395	-0.74632815942
1.3	-172.856244954	-0.691217681706
1.31	-173.222958592	-0.64003603967
1.32	-173.562432937	-0.592494504827
1.33	-173.876599694	-0.548324431149
1.34	-174.167247354	-0.507275862557
1.35	-174.436031148	-0.469116218598
1.36	-174.684482296	-0.433629056549
1.37	-174.914016584	-0.400612907486
1.38	-175.125942319	-0.369880183335
1.39	-175.321467691	-0.341256151592
1.4	-175.501707593	-0.314577974212
1.41	-175.667689918	-0.289693807028
1.42	-175.820361373	-0.266461956067
1.43	-175.960592844	-0.244750087118
1.44	-176.089184331	-0.224434485004
1.45	-176.206869495	-0.205399359071
1.46	-176.314319818	-0.187536191545
1.47	-176.412148423	-0.170743125512
1.48	-176.500913559	-0.15492438941
1.49	-176.581121781	-0.139989755059
1.5	-176.653230826	-0.125854026376
1.51	-176.717652227	-0.112436556051
1.52	-176.774753652	-0.0996607875842
1.53	-176.824861	-0.0874538201905
1.54	-176.868260258	-0.0757459941864
1.55	-176.905199131	-0.0644704945778
1.56	-176.935888452	-0.0535629706437
1.57	-176.960503389	-0.0429611693988
1.58	-176.979184438	-0.0326045808828
1.59	-176.992038227	-0.0224340932872
1.6	-176.999138122	-0.0123916559781
1.61	-177.000524651	-0.00241994851517
1.62	-176.996205726	0.0075379462008
1.63	-176.986156695	0.0175388665002
1.64	-176.970320202	0.0276398960711
1.65	-176.948605852	0.0378986894735
1.66	-176.920889706	0.0483738008809
1.67	-176.887013566	0.0591250179069
1.68	-176.846784078	0.0702137024
1.69	-176.799971627	0.0817031401255
1.7	-176.746309029	0.0936589013003
1.71	-176.685490009	0.106149214001
1.72	-176.617167455	0.119245352529
1.73	-176.540951439	0.133022042895
1.74	-176.456406997	0.147557887661
1.75	-176.363051653	0.162935812483
1.76	-176.260352671	0.179243536787
1.77	-176.147724025	0.196574071123
1.78	-176.024523062	0.215026243871
1.79	-175.890046854	0.234705260073
1.8	-175.743528199	0.255723295327
1.81	-175.584131267	0.278200127763
1.82	-175.41094686	0.302263811298
1.83	-175.222987257	0.328051393472
1.84	-175.019180622	0.355709681263
1.85	-174.798364946	0.385396058438
1.86	-174.559281485	0.417279358007
1.87	-174.300567668	0.451540793456
1.88	-174.020749432	0.48837495237
1.89	-173.718232955	0.527990856059
1.9	-173.391295738	0.570613088576
1.91	-173.038076999	0.616482998309
1.92	-172.656567336	0.665859974874
1.93	-172.244597616	0.719022803443
1.94	-171.799827039	0.776271097787
1.95	-171.31973034	0.837926812149
1.96	-170.801584077	0.904335830454
1.97	-170.242451966	0.975869629339
1.98	-169.639169228	1.0529270087
1.99	-168.988325911	1.13593587996
2.0	-168.286249156	1.22535509772
2.01	-167.528984409	1.32167631457
2.02	-166.712275567	1.42542583169
2.03	-165.831544091	1.53716640825
2.04	-164.88186713	1.65749898117
2.05	-163.857954747	1.78706423218
2.06	-162.75412639	1.92654392081
2.07	-161.564286778	2.07666187968
2.08	-160.281901499	2.23818454066
2.09	-158.89997266	2.411920827
2.1	-157.411015088	2.59872120538
2.11	-155.807033696	2.79947564296
2.12	-154.079502829	3.01511015592
2.13	-152.219348612	3.24658156737
2.14	-150.216935595	3.49487001329
2.15	-148.062059293	3.76096864481
2.16	-145.743946609	4.0458698763
2.17	-143.25126655	4.35054742278
2.18	-140.572154137	4.67593326408
2.19	-137.694250974	5.02288857551
2.2	-134.60476652	5.39216759062
2.21	-131.29056473	5.78437333179
2.22	-127.738281295	6.19990418941
2.23	-123.934477238	6.63889048947
2.24	-119.865834885	7.10112051453
2.25	-115.519402264	7.5859559951
2.26	-110.882891459	8.09223793517
2.27	-105.945035273	8.61818484347
2.28	-100.696004439	9.16128706071
2.29	-95.1278843264	9.71820291037
2.3	-89.2352054624	10.284664794
2.31	-83.0155160186	10.8554059245
2.32	-76.4699769441	11.4241208169
2.33	-69.6039518578	11.983474428
2.34	-62.4275550361	12.5251752969
2.35	-54.9561129573	13.0401264147
2.36	-47.2104895198	13.5186631604
2.37	-39.21722403	13.9508800783
2.38	-31.0084360802	14.3270377322
2.39	-22.6214636199	14.6380283706
2.4	-14.0982198972	14.8758665911
2.41	-5.48428003489	15.0341612166
2.42	3.17226421898	15.1085199075
2.43	11.8221167906	15.0968407187
2.44	20.4161717058	14.9994554368
2.45	28.906894459	14.8191067918
2.46	37.2495967889	14.560762417
2.47	45.4035245488	14.2312886379
2.48	53.3327005817	13.8390228744
2.49	61.0064916189	13.393291971
2.5	68.3998956452	12.9039243189
2.51	75.4935699533	12.380797274
2.52	82.2736376153	11.8334504209
2.53	88.7313202858	11.270782465
2.54	94.8624484963	10.7008374135
2.55	100.666898226	10.1306759057
2.56	106.147996336	9.56632086397
2.57	111.311929181	9.01276304952
2.58	116.16717991	8.4740111226
2.59	120.724011629	7.95317169589
2.6	124.994006456	7.45254687823
2.61	128.989664757	6.97373931373
2.62	132.724064592	6.51775727076
2.63	136.210578462	6.08511464386
2.64	139.462642594	5.67592265883
2.65	142.493573044	5.28997157507
2.66	145.316422531	4.9268017837
2.67	147.943872025	4.58576446013
2.68	150.388151469	4.26607241374
2.69	152.660984545	3.96684205191
2.7	154.773552987	3.68712749923
2.71	156.736476562	3.42594793417
2.72	158.559805402	3.1823091607
2.73	160.253021938	2.95522035039
2.74	161.82505013	2.74370678921
2.75	163.284270133	2.54681935636
2.76	164.638536874	2.36364135838
2.77	165.895201336	2.19329324444
2.78	167.061133575	2.03493564197
2.79	168.142746727	1.88777107485
2.8	169.146021415	1.751044661
2.81	170.076530102	1.62404403024
2.82	170.939461068	1.5060986563
2.83	171.739641754	1.39657875844
2.84	172.481561305	1.29489389591
2.85	173.169392184	1.20049135238
2.86	173.807010779	1.11285438629
2.87	174.398016977	1.03150040609
2.88	174.945752663	0.955979115318
2.89	175.453319165	0.885870661634
2.9	175.92359365	0.820783815212
2.91	176.359244513	0.760354194888
2.92	176.762745774	0.704242555081
2.93	177.136390542	0.652133142256
2.94	177.48230357	0.603732126392
2.95	177.802452968	0.558766110377
2.96	178.098661101	0.516980718336
2.97	178.372614718	0.478139262429
2.98	178.625874375	0.442021486582
2.99	178.859883164	0.408422384828
3.0	179.075974821	0.3771510914
3.01	179.275381231	0.348029839314
3.02	179.459239367	0.32089298399
3.03	179.628597721	0.295586088291
3.04	179.784422225	0.271965065344
3.05	179.927601728	0.249895375491
3.06	180.058953033	0.2292512738
3.07	180.179225528	0.209915104636
3.08	180.289105449	0.191776639895
3.09	180.389219773	0.174732457644
3.1	180.480139785	0.158685358017
3.11	180.562384332	0.143543813357
3.12	180.636422769	0.129221449726
3.13	180.702677636	0.115636557031
3.14	180.761527062	0.102711625124
3.15	180.813306922	0.0903729033742
3.16	180.858312746	0.0785499812884
3.17	180.896801408	0.0671753878791
3.18	180.928992588	0.0561842075579
3.19	180.955070023	0.0455137104147
3.2	180.975182557	0.0351029948177
3.21	180.98944499	0.0248926403286
3.22	180.997938727	0.0148243689818
3.23	181.000712252	0.00484071301897
3.24	180.997781393	-0.00511531279667
3.25	180.989129423	-0.0151005361378
3.26	180.974706958	-0.0251719511795
3.27	180.954431675	-0.0353870436068
3.28	180.928187849	-0.045804118402
3.29	180.895825684	-0.056482632263
3.3	180.857160468	-0.0674835325286
3.31	180.811971513	-0.0788696045215
3.32	180.760000901	-0.0907058292606
3.33	180.700952012	-0.103059753551
3.34	180.634487834	-0.116001874515
3.35	180.560229043	-0.129606040716
3.36	180.477751841	-0.143949872079
3.37	180.386585547	-0.15911520094
3.38	180.286209909	-0.175188536624
3.39	180.176052152	-0.192261556072
3.4	180.055483713	-0.210431623162
3.41	179.923816671	-0.229802339465
3.42	179.780299837	-0.250484129342
3.43	179.624114485	-0.272594862372
3.44	179.454369713	-0.296260516278
3.45	179.270097386	-0.321615883605
3.46	179.070246655	-0.348805325562
3.47	178.853678019	-0.377983576507
3.48	178.619156881	-0.409316602674
3.49	178.365346593	-0.442982518777
3.5	178.090800936	-0.47917256614
3.51	177.793955997	-0.518092155945
3.52	177.473121415	-0.559961981085
3.53	177.126470948	-0.60501919984
3.54	176.752032318	-0.653518694236
3.55	176.347676289	-0.705734405398
3.56	175.911104939	-0.761960747399
3.57	175.439839074	-0.822514100028
3.58	174.931204742	-0.887734379441
3.59	174.382318803	-0.957986683708
3.6	173.790073526	-1.0336630077
3.61	173.151120149	-1.11518401843
3.62	172.461851419	-1.2030008778
3.63	171.718383049	-1.29759709401
3.64	170.916534129	-1.39949037612
3.65	170.051806482	-1.50923445749
3.66	169.119363024	-1.62742084253
3.67	168.114005201	-1.75468041757
3.68	167.03014962	-1.89168484938
3.69	165.861804065	-2.0391476735
3.7	164.602543129	-2.19782494823
3.71	163.245483815	-2.36851531813
3.72	161.78326155	-2.55205929179
3.73	160.208007202	-2.74933749149
3.74	158.511325861	-2.96126757653
3.75	156.684278344	-3.18879947572
3.76	154.717366666	-3.43290848792
3.77	152.600524977	-3.69458572182
3.78	150.323117866	-3.97482524936
3.79	147.873948326	-4.27460724209
3.8	145.241278159	-4.59487625356
3.81	142.412864148	-4.93651370973
3.82	139.376013891	-5.3003035877
3.83	136.117665809	-5.68689022043
3.84	132.624498442	-6.09672718821
3.85	128.883074651	-6.53001638507
3.86	124.880026734	-6.98663662765
3.87	120.602288504	-7.46606166481
3.88	116.037380074	-7.96726821496
3.89	111.173750038	-8.48863577299
3.9	106.00117791	-9.02784144405
3.91	100.511236691	-9.58175499987
3.92	94.6978111388	-10.1463416713
3.93	88.5576615189	-10.7165827433
3.94	82.0910154651	-11.28642652
3.95	75.3021621873	-11.8487842132
3.96	68.2000144729	-12.3955861579
3.97	60.7985956912	-12.9179127061
3.98	53.1174028868	-13.4062104916
3.99	45.1815948125	-13.8505979703
4.0	37.021957167	-14.2412542684
4.01	28.6746076981	-14.5688732048
4.02	20.1804215276	-14.8251515952
4.03	11.5841809778	-15.0032700888
4.04	2.933481652	-15.0983185835
4.05	-5.72254644006	-15.1076190352
4.06	-14.3346219004	-15.0309072213
4.07	-22.854705359	-14.8703508896
4.08	-31.2373082329	-14.6304020037
4.09	-39.4406323429	-14.3175015328
4.1	-47.4274762717	-13.9396723401
4.11	-55.1658706923	-13.5060461457
4.12	-62.6294326449	-13.0263729999
4.13	-69.7974537085	-12.5105568412
4.14	-76.6547561974	-11.9682506237
4.15	-83.1913634955	-11.4085319262
4.16	-89.4020354756	-10.8396674815
4.17	-95.2857187926	-10.2689646026
4.18	-100.844956394	-9.70270000367
4.19	-106.085292679	-9.14611220876
4.2	-111.014701944	-8.6034421859
4.21	-115.643059223	-8.07800734823
4.22	-119.981665166	-7.57229586434
4.23	-124.0428305	-7.088070655
4.24	-127.83952102	-6.62647502484
4.25	-131.385060783	-6.18813426274
4.26	-134.692889128	-5.77324957118
4.27	-137.776365948	-5.38168229151
4.28	-140.648619182	-5.01302758934
4.29	-143.322428492	-4.66667760177
4.3	-145.810139385	-4.34187459342
4.31	-148.12360258	-4.03775498748
4.32	-150.274133943	-3.75338529393
4.33	-152.272490983	-3.48779099883
4.34	-154.128862464	-3.23997944791
4.35	-155.852868223	-3.008957682
4.36	-157.45356682	-2.79374608403
4.37	-158.939469029	-2.59338859123
4.38	-160.318555592	-2.40696012014
4.39	-161.598297939	-2.23357175356
4.4	-162.785680862	-2.07237414839
4.41	-163.88722634	-1.92255954446
4.42	-164.909017892	-1.78336268617
4.43	-165.856724984	-1.65406091034
4.44	-166.735627119	-1.53397360502
4.45	-167.550637354	-1.42246120334
4.46	-168.306325051	-1.31892384273
4.47	-169.006937724	-1.22279979271
4.48	-169.6564219	-1.13356373183
4.49	-170.258442943	-1.05072493657
4.5	-170.816403814	-0.973825430196
4.51	-171.333462775	-0.902438128225
4.52	-171.812550034	-0.836165007747
4.53	-172.256383379	-0.774635320575
4.54	-172.667482811	-0.717503864443
4.55	-173.04818423	-0.66444932195
4.56	-173.400652208	-0.615172673433
4.57	-173.726891906	-0.569395687267
4.58	-174.028760157	-0.526859488994
4.59	-174.307975788	-0.487323209154
4.6	-174.566129204	-0.450562708494
4.61	-174.804691285	-0.416369378425
4.62	-175.025021641	-0.38454901395
4.63	-175.228376254	-0.354920755919
4.64	-175.415914565	-0.327316099158
4.65	-175.58870601	-0.301577962916
4.66	-175.747736072	-0.277559819976
4.67	-175.893911861	-0.255124880774
4.68	-176.028067253	-0.234145328949
4.69	-176.150967619	-0.214501604787
4.7	-176.263314177	-0.196081733146
4.71	-176.365747968	-0.178780692568
4.72	-176.458853508	-0.162499822397
4.73	-176.543162108	-0.147146264869
4.74	-176.619154897	-0.132632439251
4.75	-176.687265568	-0.11887554526
4.76	-176.747882837	-0.105797093084
4.77	-176.801352666	-0.0933224574693
4.78	-176.847980232	-0.0813804534454
4.79	-176.888031661	-0.0699029313402
4.8	-176.921735553	-0.0588243888562
4.81	-176.94928428	-0.0480815980455
4.82	-176.970835082	-0.0376132451002
4.83	-176.986510967	-0.0273595809422
4.84	-176.99640141	-0.0172620806456
4.85	-177.000562866	-0.00726310977582
4.86	-176.999019086	0.00269440423836
4.87	-176.991761259	0.0126672975564
4.88	-176.978747958	0.0227124940399
4.89	-176.959904906	0.0328873298635
4.9	-176.93512455	0.0432498804559
4.91	-176.904265449	0.0538592916213
4.92	-176.867151468	0.0647761167085
4.93	-176.823570773	0.0760626617293
4.94	-176.773274624	0.0877833403681
4.95	-176.715975956	0.100005040874
4.96	-176.651347746	0.11279750689
4.97	-176.579021144	0.126233734336
4.98	-176.498583377	0.140390386557
4.99	-176.409575398	0.155348230014
5.0	-176.311489267	0.171192592916
5.01	-176.203765267	0.188013849274
5.02	-176.085788713	0.205907931002
5.03	-175.956886461	0.224976870767
5.04	-175.816323081	0.245329378463
5.05	-175.66329668	0.267081454285
5.06	-175.49693435	0.290357041508
5.07	-175.316287218	0.315288722225
5.08	-175.120325076	0.3420184594
5.09	-174.907930545	0.370698388719
5.1	-174.677892766	0.401491663796
5.11	-174.428900573	0.434573358367
5.12	-174.159535106	0.470131429132
5.13	-173.868261845	0.508367742847
5.14	-173.553422011	0.549499171186
5.15	-173.213223303	0.593758756679
5.16	-172.845729919	0.64139695268
5.17	-172.448851829	0.692682939826
5.18	-172.020333245	0.747906020716
5.19	-171.557740245	0.80737709353
5.2	-171.058447517	0.871430203935
5.21	-170.519624157	0.940424172825
5.22	-169.938218503	1.01474429502
5.23	-169.310941959	1.09480410097
5.24	-168.634251777	1.1810471694
5.25	-167.904332782	1.27394897385
5.26	-167.117078034	1.37401873928
5.27	-166.268068442	1.48180127674
5.28	-165.352551354	1.59787875367
5.29	-164.365418215	1.72287234412
5.3	-163.301181375	1.857443687
5.31	-162.15395024	2.00229606013
5.32	-160.917406962	2.15817515287
5.33	-159.584782023	2.32586928957
5.34	-158.148830086	2.50620891862
5.35	-156.601806719	2.70006513729
5.36	-154.935446652	2.90834696826
5.37	-153.140944533	3.13199704071
5.38	-151.208939297	3.37198525426
5.39	-149.129503617	3.62929991931
5.4	-146.892140227	3.90493577256
5.41	-144.485787295	4.1998781629
5.42	-141.898835526	4.51508259652
5.43	-139.11916016	4.85144872652
5.44	-136.134171638	5.20978778466
5.45	-132.930889282	5.59078239817
5.46	-129.496042973	5.99493773905
5.47	-125.816208327	6.42252305089
5.48	-121.877981297	6.87350283596
5.49	-117.668198295	7.34745741848
5.5	-113.17420767	7.84349329493
5.51	-108.384197592	8.36014470703
5.52	-103.287583714	8.89526928738
5.53	-97.8754573466	9.4459424642
5.54	-92.1410908741	10.0083575461
5.55	-86.0804917568	10.5777409241
5.56	-79.6929895918	11.1482943757
5.57	-72.9818325944	11.7131786222
5.58	-65.954761075	12.2645534787
5.59	-58.6245169934	12.7936894199
5.6	-51.0092418794	13.2911624185
5.61	-43.1327120549	13.7471379069
5.62	-35.0243619912	14.1517405514
5.63	-26.7190552529	14.4954947972
5.64	-18.2565784418	14.7698083228
5.65	-9.68085615142	14.9674589703
5.66	-1.0389118772	15.0830381359
5.67	7.62037261558	15.1133025266
5.68	16.247623306	15.0573929943
5.69	24.7943737067	14.9168934838
5.7	33.2144025672	14.6957226728
5.71	41.4649214186	14.3998718956
5.72	49.5075421768	14.037021272
5.73	57.3089803217	13.6160782018
5.74	64.8414769974	13.1466867888
5.75	72.0829493521	12.6387535282
5.76	79.0168992189	12.1020255344
5.77	85.6321240199	11.5457453537
5.78	91.922280274	10.9783937099
5.79	97.8853502431	10.4075204487
5.8	103.523057678	9.83965569966
5.81	108.840271155	9.28028822084
5.82	113.844424791	8.73389572255
5.83	118.544977441	8.20401204155
5.84	122.952923725	7.69331758975
5.85	127.080363763	7.20374183357
5.86	130.940133561	6.73656913525
5.87	134.545494401	6.29254173853
5.88	137.909877252	5.87195580407
5.89	141.046676858	5.47474810992
5.9	143.969089531	5.10057232557
5.91	146.689988572	4.74886468731
5.92	149.221831494	4.41889951247
5.93	151.576593699	4.10983535856
5.94	153.765723813	3.82075282345
5.95	155.800116489	3.55068504885
5.96	157.690099121	3.29864197235
5.97	159.445429414	3.06362930708
5.98	161.07530133	2.84466313353
5.99	162.588357323	2.64078088321
6.0	163.992705175	2.45104938713
6.01	165.295938109	2.27457056136
6.02	166.505157061	2.11048520955
6.03	167.626994296	1.9579753408
6.04	168.667637675	1.81626533021
6.05	169.632855089	1.68462218887
6.06	170.528018657	1.56235515911
6.07	171.358128395	1.44881480818
6.08	172.127835175	1.34339175841
6.09	172.841462796	1.24551516304
6.1	173.503029095	1.15465101349
6.11	174.116266021	1.07030034467
6.12	174.684638658	0.991997389865
6.13	175.211363185	0.919307724152
6.14	175.699423775	0.851826425868
6.15	176.151588475	0.789176277584
6.16	176.570424074	0.731006022152
6.17	176.958310018	0.676988684482
6.18	177.317451404	0.626819966042
6.19	177.649891094	0.580216716127
6.2	177.957521005	0.536915481788
6.21	178.242092604	0.49667113661
6.22	178.505226673	0.459255587282
6.23	178.748422365	0.424456555993
6.24	178.973065616	0.392076436024
6.25	179.180436928	0.361931217448
6.26	179.37171859	0.333849479578
6.27	179.548001343	0.307671446597
6.28	179.710290552	0.283248102738
6.29	179.859511888	0.260440363369
6.3	179.996516581	0.239118298367
6.31	180.122086243	0.219160404232
6.32	180.236937307	0.200452921514
6.33	180.341725096	0.182889194201
6.34	180.437047551	0.16636906789
6.35	180.523448626	0.150798323642
6.36	180.601421389	0.136088144595
6.37	180.671410826	0.12215461251
6.38	180.733816376	0.108918231566
6.39	180.788994204	0.0963034768246
6.4	180.837259232	0.0842383649124
6.41	180.878886933	0.0726540445559
6.42	180.914114902	0.0614844047121
6.43	180.943144209	0.0506656981151
6.44	180.966140545	0.0401361781398
6.45	180.983235169	0.0298357469482
6.46	180.994525653	0.0197056129432
6.47	181.000076443	0.00968795560024
6.48	180.999919221	-0.000274404212692
6.49	180.99405309	-0.0102383302888
6.5	180.982444566	-0.0202606953529
6.51	180.965027391	-0.0303987053831
6.52	180.94170215	-0.0407102258159
6.53	180.912335707	-0.05125411148
6.54	180.876760447	-0.0620905421222
6.55	180.834773318	-0.073281365416
6.56	180.786134673	-0.0848904493854
6.57	180.730566908	-0.096984046222
6.58	180.667752874	-0.109631169533
6.59	180.597334077	-0.122903987124
6.6	180.518908627	-0.136878231496
6.61	180.432028957	-0.151633630331
6.62	180.336199268	-0.167254359316
6.63	180.230872711	-0.18382951979
6.64	180.115448276	-0.201453643768
6.65	179.989267368	-0.22022722907
6.66	179.851610071	-0.240257307346
6.67	179.701691053	-0.261658047968
6.68	179.53865511	-0.28455140087
6.69	179.361572315	-0.309067781529
6.7	179.169432751	-0.335346801452
6.71	178.961140793	-0.363538047586
6.72	178.735508916	-0.393801914229
6.73	178.491250997	-0.426310491029
6.74	178.226975068	-0.461248510749
6.75	177.941175492	-0.498814360408
6.76	177.632224525	-0.539221159359
6.77	177.298363217	-0.582697907654
6.78	176.937691609	-0.629490707771
6.79	176.548158194	-0.679864062282
6.8	176.127548588	-0.73410224941
6.81	175.673473361	-0.792510777457
6.82	175.183354996	-0.855417917821
6.83	174.654413931	-0.923176314657
6.84	174.08365362	-0.996164666915
6.85	173.467844611	-1.07478947566
6.86	172.803507585	-1.15948684571
6.87	172.086895333	-1.25072432583
6.88	171.313973683	-1.34900276548
6.89	170.48040136	-1.45485815829
6.9	169.581508827	-1.56886343261
6.91	168.612276153	-1.69163013679
6.92	167.567310025	-1.82380995182
6.93	166.440820028	-1.96609594415
6.94	165.226594433	-2.11922344828
6.95	163.917975766	-2.28397043916
6.96	162.507836552	-2.46115721915
6.97	160.988555765	-2.65164520113
6.98	159.351996637	-2.85633451786
6.99	157.589486713	-3.07616012677
7.0	155.691801217	-3.31208600737
7.01	153.64915112	-3.56509696677
7.02	151.451177602	-3.83618747553
7.03	149.086955006	-4.12634685523
7.04	146.545004811	-4.43654003209
7.05	143.813323691	-4.76768296648
7.06	140.879429259	-5.12061177484
7.07	137.730427722	-5.49604449606
7.08	134.353108265	-5.89453444142
7.09	130.734069547	-6.3164141386
7.1	126.859884163	-6.76172907897
7.11	122.71730714	-7.23016085728
7.12	118.293534428	-7.72093991794
7.13	113.576516678	-8.23274906055
7.14	108.555332187	-8.76362017241
7.15	103.220620482	-9.31082838942
7.16	97.5650743901	-9.87079003061
7.17	91.5839833697	-10.4389731167
7.18	85.2758143854	-11.0098318549
7.19	78.6428087416	-11.5767787787
7.2	71.6915646103	-12.1322097201
7.21	64.4335662995	-12.6675967627
7.22	56.8856139579	-13.1736620144
7.23	49.0701030499	-13.6406398071
7.24	41.0151033998	-14.058626514
7.25	32.7541944922	-14.4180059645
7.26	24.3260278964	-14.7099257004
7.27	15.77360882	-14.9267871893
7.28	7.14331496901	-15.0627043114
7.29	-1.51630130057	-15.1138815863
7.3	-10.1558565263	-15.0788684597
7.31	-18.7265365786	-14.9586586047
7.32	-27.1814580526	-14.756621772
7.33	-35.4768995845	-14.4782767637
7.34	-43.5733280579	-14.1309334513
7.35	-51.43616866	-13.7232457066
7.36	-59.0362953803	-13.2647234839
7.37	-66.3502453311	-12.7652507967
7.38	-73.3601825409	-12.2346484668
7.39	-80.0536524355	-11.6823088044
7.4	-86.4231764433	-11.1169165722
7.41	-92.4657377238	-10.5462589599
7.42	-98.1822054293	-9.97711830447
7.43	-103.57673798	-9.41523546143
7.44	-108.656197289	-8.86532891667
7.45	-113.429597104	-8.33115432849
7.46	-117.907600575	-7.81559044887
7.47	-122.10207538	-7.32073957386
7.48	-126.0257094	-6.84803322864
7.49	-129.691686058	-6.39833629844
7.5	-133.113415811	-5.97204503103
7.51	-136.304318699	-5.56917614969
7.52	-139.277652069	-5.18944570714
7.53	-142.046377403	-4.83233731598
7.54	-144.623060321	-4.49716006966
7.55	-147.019798291	-4.18309688902
7.56	-149.248171106	-3.88924425782
7.57	-151.319209793	-3.61464440214
7.58	-153.243380241	-3.35831096909
7.59	-155.030578387	-3.11924920288
7.6	-156.690134327	-2.89647152757
7.61	-158.230823191	-2.68900934201
7.62	-159.660880999	-2.49592172547
7.63	-160.988024086	-2.31630165019
7.64	-162.219470931	-2.14928020204
7.65	-163.36196552	-1.99402922677
7.66	-164.421801504	-1.84976274513
7.67	-165.404846632	-1.71573741776
7.68	-166.316567034	-1.59125228707
7.69	-167.162051047	-1.47564797888
7.7	-167.946032355	-1.36830550994
7.71	-168.672912292	-1.26864481688
7.72	-169.346781189	-1.17612309766
7.73	-169.971438705	-1.09023303641
7.74	-170.550413111	-1.01050096654
7.75	-171.0869795	-0.93648501396
7.76	-171.584176949	-0.867773251849
7.77	-172.04482464	-0.803981890418
7.78	-172.471536974	-0.744753518414
7.79	-172.866737712	-0.689755408159
7.8	-173.232673188	-0.63867789189
7.81	-173.571424638	-0.59123281412
7.82	-173.884919677	-0.547152062373
7.83	-174.174942993	-0.506186176845
7.84	-174.443146278	-0.468103038218
7.85	-174.691057456	-0.432686631836
7.86	-174.920089248	-0.399735885779
7.87	-175.131547103	-0.369063579816
7.88	-175.326636552	-0.340495321948
7.89	-175.506470007	-0.313868589014
7.9	-175.672073045	-0.289031827725
7.91	-175.824390216	-0.265843612498
7.92	-175.964290384	-0.244171856443
7.93	-176.092571665	-0.22389307195
7.94	-176.209965949	-0.204891677413
7.95	-176.317143059	-0.187059346714
7.96	-176.414714562	-0.170294398255
7.97	-176.503237241	-0.154501220411
7.98	-176.583216265	-0.139589730447
7.99	-176.655108067	-0.125474864037
8.0	-176.719322938	-0.112076092678
8.01	-176.776227368	-0.0993169663819
8.02	-176.826146132	-0.0871246791839
8.03	-176.869364141	-0.0754296550589
8.04	-176.906128065	-0.0641651519789
8.05	-176.93664774	-0.0532668819079
8.06	-176.961097364	-0.0426726446175
8.07	-176.979616491	-0.032321973274
8.08	-176.992310823	-0.0221557898087
8.09	-176.999252819	-0.012116068131
8.1	-177.000482102	-0.00214550328649
8.11	-176.996005688	0.00781281530807
8.12	-176.985798028	0.0178157284003
8.13	-176.969800856	0.0279203310424
8.14	-176.947922865	0.0381842981692
8.15	-176.920039179	0.0486662134558
8.16	-176.885990644	0.0594259033101
8.17	-176.845582923	0.0705247778869
8.18	-176.798585383	0.0820261810425
8.19	-176.744729785	0.0939957511972
8.2	-176.683708751	0.106501795127
8.21	-176.615174017	0.119615676772
8.22	-176.538734443	0.133412223222
8.23	-176.453953793	0.14797015013
8.24	-176.36034824	0.163372508882
8.25	-176.257383623	0.179707157974
8.26	-176.1444724	0.197067261142
8.27	-176.020970307	0.215551814914
8.28	-175.886172699	0.235266208371
8.29	-175.739310542	0.256322818043
8.3	-175.57954605	0.278841640988
8.31	-175.405967931	0.302950969227
8.32	-175.217586221	0.328788108854
8.33	-175.013326683	0.356500147232
8.34	-174.79202473	0.386244771804
8.35	-174.552418854	0.418191144129
8.36	-174.293143516	0.452520832775
8.37	-174.012721464	0.489428808729
8.38	-173.709555454	0.529124506873
8.39	-173.381919303	0.571832956979
8.4	-173.027948277	0.617795987331
8.41	-172.645628721	0.667273503731
8.42	-172.232786935	0.720544845985
8.43	-171.787077209	0.777910223127
8.44	-171.305969002	0.839692227444
8.45	-170.786733204	0.906237425789
8.46	-170.226427449	0.977918024564
8.47	-169.621880427	1.05513360201
8.48	-168.969675179	1.13831289788
8.49	-168.266131338	1.22791564605
8.5	-167.507286307	1.3244344296
8.51	-166.68887538	1.42839653083
8.52	-165.806310823	1.54036573888
8.53	-164.854659973	1.66094406624
8.54	-163.828622445	1.7907733105
8.55	-162.722506578	1.93053637955
8.56	-161.530205312	2.08095827585
8.57	-160.245171783	2.24280660748
8.58	-158.860394981	2.41689146006
8.59	-157.368375972	2.60406442233
8.6	-155.761105306	2.80521650878
8.61	-154.030042436	3.02127466438
8.62	-152.166098161	3.25319646693
8.63	-150.159621412	3.50196256351
8.64	-148.000391981	3.76856628681
8.65	-145.677621196	4.0539997977
8.66	-143.179962952	4.35923599486
8.67	-140.495538038	4.68520532588
8.68	-137.61197522	5.03276653719
8.69	-134.516473142	5.40267032689
8.7	-131.195887739	5.79551483635
8.71	-127.636850408	6.21169196376
8.72	-123.825922677	6.65132364621
8.73	-119.749793443	7.11418758705
8.74	-115.395524782	7.59963246449
8.75	-110.750851862	8.10648351352
8.76	-105.804541255	8.63294059173
8.77	-100.546809822	9.1764724697
8.78	-94.969803005	9.73371313546
8.79	-89.0681266928	10.3003683036
8.8	-82.8394206302	10.8711428931
8.81	-76.2849538206	11.439702654
8.82	-69.4102137943	11.9986848676
8.83	-62.2254528417	12.5397734592
8.84	-54.7461464843	13.0538521703
8.85	-46.9933142056	13.5312449618
8.86	-38.9936515887	13.9620451713
8.87	-30.7794282169	14.3365243332
8.88	-22.3881180827	14.6455990398
8.89	-13.8617488061	14.8813217117
8.9	-5.24598117557	15.0373512739
8.91	3.41104168582	15.1093552352
8.92	12.0600100943	15.095297563
8.93	20.6518431672	14.9955775903
8.94	29.1390684706	14.8130025903
8.95	37.4770926346	14.5525974772
8.96	45.6252831301	14.2212752227
8.97	53.5478038223	13.8274071136
8.98	61.2141740894	13.3803402839
8.99	68.5995486725	12.8899102968
9.0	75.6847390516	12.3659900245
9.01	82.4560144575	11.8181050393
9.02	88.9047306122	11.2551329425
9.03	95.026837357	10.6850919856
9.04	100.822313831	10.1150146189
9.05	106.29457357	9.55089499657
9.06	111.449873611	8.99769596489
9.07	116.296752861	8.45940013689
9.08	120.845516698	7.93909058441
9.09	125.107777645	7.43904871054
9.1	129.096056287	6.96085937863
9.11	132.823442345	6.50551592002
9.12	136.303312939	6.07351994243
9.13	139.549103251	5.66497277624
9.14	142.574123821	5.27965688829
9.15	145.391418426	4.91710668719
9.16	148.013656546	4.57666889531
9.17	150.453054806	4.25755314033
9.18	152.721322346	3.95887368879
9.19	154.829625613	3.67968336418
9.2	156.788568722	3.41900071132
9.21	158.608186092	3.17583142273
9.22	160.297944604	2.94918495992
9.23	161.866753009	2.73808720083
9.24	163.322976719	2.54158983784
9.25	164.674456472	2.35877714688
9.26	165.928529678	2.18877065088
9.27	167.092053473	2.03073211453
9.28	168.171428742	1.88386523069
9.29	169.172624529	1.74741629345
9.3	170.101202386	1.62067409744
9.31	170.962340337	1.50296925603
9.32	171.7608562	1.39367309305
9.33	172.501230103	1.29219623016
9.34	173.187626074	1.19798696668
9.35	173.823912623	1.11052952721
9.36	174.413682281	1.02934223544
9.37	174.960270071	0.953975658913
9.38	175.466770926	0.884010758587
9.39	175.936056058	0.819057068334
9.4	176.370788313	0.758750922588
9.41	176.77343655	0.702753745099
9.42	177.146289068	0.650750407394
9.43	177.491466153	0.602447662368
9.44	177.810931752	0.557572655848
9.45	178.106504359	0.515871517101
9.46	178.379867123	0.477108027771
9.47	178.632577245	0.441062367703
9.48	178.866074698	0.407529935307
9.49	179.081690312	0.376320239574
9.5	179.280653265	0.347255860514
9.51	179.464098007	0.320171474503
9.52	179.633070675	0.294912940977
9.53	179.788535007	0.271336446786
9.54	179.9313778	0.249307704588
9.55	180.062413936	0.228701201706
9.56	180.18239101	0.209399495946
9.57	180.29199357	0.191292554988
9.58	180.391847014	0.174277136097
9.59	180.482521139	0.158256202998
9.6	180.564533388	0.143138376925
9.61	180.638351792	0.128837418955
9.62	180.704397634	0.115271740885
9.63	180.763047853	0.102363942012
9.64	180.814637184	0.0900403693154
9.65	180.859460073	0.0782306986289
9.66	180.897772348	0.0668675344904
9.67	180.929792682	0.0558860264612
9.68	180.955703839	0.0452234997723
9.69	180.975653713	0.0348190982351
9.7	180.989756174	0.0246134374137
9.71	180.998091716	0.0145482661068
9.72	181.000707918	0.00456613423397
9.73	180.997619713	-0.00538993475035
9.74	180.988809474	-0.015376768765
9.75	180.974226912	-0.0254513711701
9.76	180.953788794	-0.0356712458263
9.77	180.927378462	-0.0460947249854
9.78	180.894845172	-0.0567813018623
9.79	180.856003235	-0.0677919697666
9.8	180.810630953	-0.0791895697052
9.81	180.758469364	-0.091039148409
9.82	180.699220756	-0.103408328792
9.83	180.632546978	-0.116367694912
9.84	180.55806751	-0.129991193582
9.85	180.475357297	-0.14435655484
9.86	180.383944325	-0.159545733618
9.87	180.283306938	-0.175645375001
9.88	180.172870867	-0.192747305608
9.89	180.052005962	-0.210949053745
9.9	179.920022612	-0.23035440107
9.91	179.776167825	-0.251073968672
9.92	179.61962095	-0.273225840578
9.93	179.449489023	-0.296936227837
9.94	179.264801707	-0.322340176457
9.95	179.06450579	-0.34958232259
9.96	178.847459237	-0.378817698469
9.97	178.612424734	-0.410212592679
9.98	178.358062717	-0.44394546841
9.99	178.082923833	-0.480207943329
10.0	177.785440803	-0.519205834683
